#save config
#Tue Apr 26 11:52:38 BST 2022
menuVol=0.35714285714285715
bgmVol=0.3968253968253968
fxVol=1.0
resolution=800x600
